[redshift]
temp-day=5500
temp-night=3500
fade=1
location-provider=manual

[manual]
lat=47.6697199
lon=-122.1999892
